camera_matrix:
- - 1420.410149146399
  - 0.0
  - 1026.5786658861796
- - 0.0
  - 1422.8435764951637
  - 565.243885883523
- - 0.0
  - 0.0
  - 1.0
dist_coeff:
- - 0.043250552994983406
  - -0.21519130208040915
  - 0.0029638065276228224
  - -0.0041430865372485415
  - 0.15124408740398063
