camera_matrix:
- - 1426.0971362393536
  - 0.0
  - 1075.4253460213017
- - 0.0
  - 1424.9546871808948
  - 551.1889448063713
- - 0.0
  - 0.0
  - 1.0
dist_coeff:
- - 0.04996455464622964
  - -0.23528375175710378
  - -0.0030602675700112623
  - 0.005514497922255037
  - 0.23047445168978303
